<?xml version="1.0"?>
<opencv_storage>
<camera_matrix type_id="opencv-matrix">
  <rows>3</rows>
  <cols>3</cols>
  <dt>d</dt>
  <data>
    9.5788101595177125e+02 0. 6.4191778194881817e+02 0.
    9.5860624443518032e+02 3.7147750782742975e+02 0. 0. 1.</data></camera_matrix>
<distortion_coefficients type_id="opencv-matrix">
  <rows>1</rows>
  <cols>5</cols>
  <dt>d</dt>
  <data>
    1.2775213769790331e-01 -3.0256755133481100e-01
    4.3723715551508687e-03 -3.0739893558999649e-04
    9.1106806110603442e-02</data></distortion_coefficients>
</opencv_storage>
